Face           1          1          2          3
Face           2          2          4          5


Vertex         1   0.151632  -0.043319   -0.08824
Vertex         2   0.163424  -0.033934   -0.08411
Vertex         3   0.163118  -0.053632  -0.080509
Vertex         4   0.176307  -0.028912  -0.075048
Vertex         5   0.174429  -0.051613  -0.073945

0.151632  -0.043319   -0.08824	-	0.163424  -0.033934   -0.08411

-0.011792 	-0.009385	-0.00413

0.163424  -0.033934   -0.08411	-	0.163118  -0.053632  -0.080509

0.000306		0.019698		-0.003601

0.163424  -0.033934   -0.08411	-	0.176307  -0.028912  -0.075048

-0.012883

0.176307  -0.028912  -0.075048	-	0.174429  -0.051613  -0.073945
